5.24282 50.67290437396783
5.2738 52.83436008244981
5.30479 55.212174042495626
5.33577 57.84850443748887
5.36676 60.80343302105427
5.39774 64.15493660520956
5.42873 68.01750008415881
5.45971 72.55071030298284
5.4907 77.99741168495996
5.52169 84.71720085006135
5.55267 93.24631730601035
5.58366 104.34144199203064
5.61464 118.7759459483855
5.64563 136.36479623240055
5.67661 153.48954539648085
5.7076 162.83879882541527
5.73858 161.95780242757974
5.76957 157.49164022948273
5.80055 155.84038350196596
5.83154 159.0990685664216
5.86252 167.42679492489336
5.89351 180.90267023266895
5.9245 200.13717042600865
5.95548 226.52370217657548
5.98647 262.58009585244395
6.01745 312.4346929721503
6.04844 382.8794666169211
6.07942 484.6343126156334
6.11041 633.6183537198915
6.14139 846.6161945289609
6.17238 1115.7314578032913
6.20336 1344.1628716915634
6.23435 1360.6134934312443
6.26533 1155.7306232681456
6.29632 898.5659748018652
6.3273 694.7601473917101
6.35829 556.4518414927255
6.38928 467.52747782749765
6.42026 411.9757953621273
6.45125 378.7634362305443
6.48223 360.93807040074694
6.51322 354.01179065940454
6.5442 354.8858805214228
6.57519 361.07446562420506
6.60617 370.2454561679352
6.63716 380.0711995958085
6.66814 388.38983072025974
6.69913 393.6839529148889
6.73011 395.50310207464054
6.7611 394.546245995239
6.79209 392.2648370864401
6.82307 390.2855175975922
6.85406 389.97011034945416
6.88504 392.25411233250196
6.91603 397.6838778061396
6.94701 406.5271232139844
6.978 418.90493779978954
7.00898 434.8562515501846
7.03997 454.42589531150537
7.07095 477.6568369798941
7.10194 504.6619621355489
7.13292 535.5815949211224
7.16391 570.6750505623668
7.1949 610.2863429143982
7.22588 654.9173212275276
7.25687 705.3509295457657
7.28785 762.6459812207881
7.31884 828.3925462810055
7.34982 904.684515784483
7.38081 994.3469471396511
7.41179 1100.5594713703688
7.44278 1226.351246359071
7.47376 1372.438551921614
7.50475 1533.9137771049748
7.53371 1685.031399614101
7.53573 1695.0275307620966
7.56672 1827.7089486761065
7.5958 1897.8061965671752
7.5977 1900.0846824158298
7.65789 1836.652797485855
7.71999 1648.1775636763412
7.78208 1504.133098605031
7.84418 1384.1505455850063
7.90627 1220.2034214695286
7.96836 1029.4865621339188
8.03046 869.2882187683704
8.09255 766.7445876559773
8.15465 722.9009249618081
8.21674 728.2205258944264
8.27884 760.3668450973175
8.34093 785.2031550966532
8.40302 794.321580890078
8.46512 825.2636844915972
8.52721 903.2818995844159
8.58931 964.4126764856834
8.6514 887.254230148716
8.7135 700.4084395370736
8.77559 522.4030759897839
8.83768 394.2004904554898
8.89978 307.65354534238077
8.96187 248.64240488506138
9.02397 207.10161038344603
9.08606 176.85383786006895
9.14816 154.13397526859902
9.21025 136.62639923566613
9.27234 122.84587226332717
9.33444 111.81623664479119
9.39653 102.88071622672649
9.45863 95.57742894241048
9.52072 89.58302199181288
9.58282 84.66066994489073
9.64491 80.6410664119091
9.707 77.39899909697213
9.7691 74.84493061467538
9.83119 72.91831506816955
9.89329 71.58046885722848
9.95538 70.81477219779421
10.0175 70.62461611676396
10.0796 71.03632531170508
10.1417 72.1027222636923
10.2038 73.91259864542126
10.2659 76.60723731275958
10.3279 80.40562275222342
10.39 85.69770941639005
10.4521 93.15907082138706
10.5142 104.11904726517295
10.5763 121.1146628187239
10.6384 145.7025640380493
10.7005 164.35681079318275
10.7626 172.02632870250673
10.8247 189.9796255902861
10.8868 225.13508405621286
10.9489 283.5391525274831
11.011 381.43408311423
11.0731 561.0908759635764
11.1352 948.8656376711185
11.1973 1840.2259649705597
11.2594 2064.6104801892084
11.3215 1410.2752817679582
11.3835 1059.7483992919997
11.4456 791.3276085541912
11.5077 593.2944867739986
11.5698 466.55967006565345
11.6319 393.80174020686945
11.694 358.9480454315007
11.7561 351.50064854290736
11.8182 363.99219349931445
11.8803 387.7556528507821
11.9424 409.66953051489514
12.0045 415.517573745471
12.0666 401.09436426333025
12.1287 376.34167353547986
12.1908 355.4079848816597
12.2529 347.83100277941475
12.315 358.12414429517537
12.3771 387.9129074986423
12.4391 435.71312972962255
12.5012 493.51341353089055
12.5633 541.4409023803127
12.6254 552.8427869360261
12.6875 515.6414609544795
12.7496 445.08766071686944
12.8117 366.66303937167834
12.8738 296.6731247398048
12.9359 240.15396722410844
12.998 196.32274388082914
13.0601 162.68477984493177
13.1222 136.7623513716614
13.1843 116.56871594516139
13.2464 100.62505259990562
13.3085 87.85877244812482
13.3706 77.49571148730456
13.4327 68.97427827436465
13.4948 61.88308905583392
13.5568 55.92602620361007
13.6189 50.85520833581176
13.681 46.50696930844019
13.7431 42.74731499005377
13.8052 39.47191109040851
13.8673 36.59861539490851
13.9294 34.06208309738585
13.9915 31.809824731125794
14.0536 29.799292940163607
14.1157 27.995706003600844
14.1778 26.37040473338603
14.2399 24.899599640819037
14.302 23.563406614261027
14.3641 22.345097998367464
14.4262 21.23051601581903
14.4883 20.207609647534014
14.5504 19.26606620753973
14.6124 18.39836155468568
14.6745 17.59404151291791
14.7366 16.847907379988968
